t(us) chan[0] chan[1] chan[2] chan[3]
0.000000 -298506 -298855 2432910 812142
250.000000 -298472 -298867 2425983 797185
500.000000 -298482 -298837 2429164 781346
750.000000 -298514 -298814 2426645 765694
1000.000000 -298522 -298905 2423918 762568
1250.000000 -298585 -298865 2428436 760361
1500.000000 -298576 -298875 2429167 755022
1750.000000 -298537 -298938 2422252 757194
2000.000000 -298497 -298874 2421876 756535
2250.000000 -298599 -298852 2427398 756810
2500.000000 -298547 -298900 2426840 756349
2750.000000 -298504 -298946 2418617 760475
3000.000000 -298524 -298866 2415577 770354
3250.000000 -298520 -298894 2422601 772152
3500.000000 -298433 -298906 2430864 775329
3750.000000 -298479 -298883 2437798 781834
4000.000000 -298550 -298819 2434958 787673
4250.000000 -298554 -298927 2440707 794855
4500.000000 -298611 -298900 2442770 800891
4750.000000 -298587 -298867 2435425 807427
5000.000000 -298492 -298911 2436285 810780
5250.000000 -298542 -298851 2440014 814135
5500.000000 -298534 -298809 2441807 816401
5750.000000 -298548 -298845 2442033 806578
6000.000000 -298494 -298870 2439400 797041
6250.000000 -298482 -298837 2436878 787896
6500.000000 -298488 -298843 2433254 787898
6750.000000 -298519 -298893 2428236 802601
7000.000000 -298560 -298845 2432367 815539
7250.000000 -298508 -298862 2443373 822979
7500.000000 -298463 -298827 2452707 827585
7750.000000 -298476 -298777 2450641 841590
8000.000000 -298512 -298853 2448280 860759
8250.000000 -298499 -298901 2456942 884941
8500.000000 -298509 -298899 2464518 908018
8750.000000 -298426 -298845 2466849 921731
9000.000000 -298445 -298810 2471780 932373
9250.000000 -298460 -298800 2481903 951981
9500.000000 -298461 -298818 2494542 975797
9750.000000 -298470 -298835 2503411 999429
10000.000000 -298510 -298849 2511906 1009871
10250.000000 -298555 -298837 2514333 1017977
10500.000000 -298585 -298798 2522023 1029374
10750.000000 -298577 -298808 2530035 1041868
11000.000000 -298556 -298793 2535395 1046817
11250.000000 -298497 -298773 2532708 1050160
11500.000000 -298525 -298756 2535521 1051866
11750.000000 -298548 -298831 2532123 1050951
12000.000000 -298532 -298774 2535523 1045307
12250.000000 -298542 -298688 2537620 1046236
12500.000000 -298522 -298672 2531655 1050184
12750.000000 -298545 -298655 2528689 1054475
13000.000000 -298549 -298706 2526224 1055120
13250.000000 -298498 -298724 2524361 1051456
13500.000000 -298554 -298748 2520634 1042240
13750.000000 -298578 -298759 2515943 1033922
14000.000000 -298502 -298777 2516628 1023919
14250.000000 -298535 -298772 2517911 1019273
14500.000000 -298511 -298806 2509828 1017882
14750.000000 -298424 -298763 2499895 1017295
15000.000000 -298501 -298789 2498979 1006859
15250.000000 -298528 -298796 2500535 1007943
15500.000000 -298490 -298779 2505264 1000301
15750.000000 -298520 -298815 2510711 1001236
16000.000000 -298520 -298802 2508148 1007024
16250.000000 -298512 -298757 2512696 1008329
16500.000000 -298500 -298755 2517365 1013945
16750.000000 -298486 -298729 2512754 1005777
17000.000000 -298555 -298762 2495970 1001075
17250.000000 -298505 -298778 2493825 998057
17500.000000 -298485 -298767 2489163 983875
17750.000000 -298504 -298723 2491425 976460
18000.000000 -298500 -298743 2487459 959126
18250.000000 -298497 -298740 2483985 933640
18500.000000 -298530 -298856 2480577 912746
18750.000000 -298493 -298828 2468757 901426
19000.000000 -298465 -298827 2460034 879176
19250.000000 -298479 -298807 2456645 867048
19500.000000 -298431 -298807 2456285 848514
19750.000000 -298408 -298817 2455061 831704
20000.000000 -298509 -298834 2441530 819607
20250.000000 -298506 -298839 2432406 801783
20500.000000 -298520 -298810 2422298 781782
20750.000000 -298501 -298795 2413643 769720
21000.000000 -298489 -298892 2417872 762719
21250.000000 -298523 -298888 2427246 760217
21500.000000 -298591 -298849 2426585 757376
21750.000000 -298586 -298851 2417275 755366
22000.000000 -298426 -298819 2413530 757636
22250.000000 -298476 -298852 2418955 761083
22500.000000 -298461 -298899 2420854 766601
22750.000000 -298522 -298883 2423037 765723
23000.000000 -298534 -298847 2421665 761845
23250.000000 -298498 -298848 2423944 761105
23500.000000 -298477 -298844 2430103 764092
23750.000000 -298526 -298945 2429741 765830
24000.000000 -298499 -298910 2428761 767671
24250.000000 -298534 -298983 2433435 776520
24500.000000 -298515 -298864 2435540 787593
24750.000000 -298502 -298883 2435931 795782
25000.000000 -298459 -298909 2445312 810334
25250.000000 -298479 -298886 2445852 820698
25500.000000 -298487 -298896 2444979 813390
25750.000000 -298520 -298907 2440793 809073
26000.000000 -298525 -298883 2433982 809398
26250.000000 -298522 -298870 2427916 800397
26500.000000 -298572 -298805 2421778 794677
26750.000000 -298575 -298847 2425266 797155
27000.000000 -298613 -298850 2431011 804300
27250.000000 -298581 -298914 2441873 809502
27500.000000 -298557 -298889 2452552 822905
27750.000000 -298494 -298873 2453632 833955
28000.000000 -298599 -298938 2448811 849818
28250.000000 -298639 -298874 2450842 877192
28500.000000 -298633 -298795 2464319 900274
28750.000000 -298550 -298796 2474765 916583
29000.000000 -298510 -298862 2482127 936539
29250.000000 -298591 -298833 2486963 955379
29500.000000 -298572 -298835 2494354 977348
29750.000000 -298528 -298867 2508742 998241
30000.000000 -298558 -298833 2517228 1012786
30250.000000 -298508 -298881 2519864 1026935
30500.000000 -298522 -298850 2522241 1039913
30750.000000 -298518 -298816 2525349 1048991
31000.000000 -298591 -298812 2528369 1059619
31250.000000 -298580 -298828 2530707 1054195
31500.000000 -298555 -298811 2533028 1053963
31750.000000 -298527 -298782 2538283 1062673
32000.000000 -298583 -298800 2539808 1068918
32250.000000 -298545 -298774 2530521 1062911
32500.000000 -298545 -298834 2528787 1063730
32750.000000 -298613 -298909 2529034 1062034
33000.000000 -298551 -298871 2525832 1061741
33250.000000 -298555 -298835 2519374 1056815
33500.000000 -298574 -298774 2521692 1051336
33750.000000 -298542 -298796 2516885 1042924
34000.000000 -298605 -298812 2516948 1037406
34250.000000 -298540 -298821 2523609 1034491
34500.000000 -298495 -298828 2515844 1028153
34750.000000 -298511 -298755 2508575 1020414
35000.000000 -298537 -298791 2505841 1015119
35250.000000 -298518 -298829 2504369 1006708
35500.000000 -298461 -298749 2505645 992426
35750.000000 -298487 -298791 2503679 999903
36000.000000 -298512 -298806 2504135 1011473
36250.000000 -298538 -298805 2506961 1015765
36500.000000 -298494 -298855 2512112 1014034
36750.000000 -298469 -298762 2514722 1012777
37000.000000 -298528 -298811 2512393 1010221
37250.000000 -298497 -298830 2507394 996752
37500.000000 -298484 -298789 2493541 987769
37750.000000 -298490 -298812 2492318 967952
38000.000000 -298518 -298833 2490215 951264
38250.000000 -298505 -298843 2476932 932173
38500.000000 -298454 -298882 2474627 913498
38750.000000 -298513 -298885 2474302 899722
39000.000000 -298532 -298841 2464061 881543
39250.000000 -298545 -298848 2452596 863723
39500.000000 -298526 -298809 2451296 845579
39750.000000 -298538 -298884 2449530 833725
40000.000000 -298594 -298910 2435474 814801
40250.000000 -298504 -298886 2425034 796434
40500.000000 -298502 -298876 2421233 783706
40750.000000 -298531 -298841 2418429 771462
41000.000000 -298505 -298827 2418916 767069
41250.000000 -298536 -298912 2413954 763267
41500.000000 -298485 -298899 2409563 755027
41750.000000 -298483 -298874 2413034 748742
42000.000000 -298469 -298884 2419465 745653
42250.000000 -298467 -298843 2418427 759740
42500.000000 -298543 -298877 2410112 761578
42750.000000 -298505 -299005 2408289 757832
43000.000000 -298416 -298931 2413295 765248
43250.000000 -298388 -298846 2419460 766460
43500.000000 -298465 -298846 2424681 770209
43750.000000 -298479 -298857 2424220 773621
44000.000000 -298444 -298807 2427260 781243
44250.000000 -298512 -298889 2429131 794446
44500.000000 -298474 -298873 2442083 800698
44750.000000 -298487 -298808 2450348 797289
45000.000000 -298473 -298789 2450506 805939
45250.000000 -298496 -298858 2447331 814416
45500.000000 -298508 -298866 2443290 816501
45750.000000 -298517 -298829 2435865 815113
46000.000000 -298525 -298925 2427312 811733
46250.000000 -298546 -298885 2430635 808925
46500.000000 -298552 -298819 2428958 798802
46750.000000 -298521 -298954 2427404 795522
47000.000000 -298514 -298903 2433593 798799
47250.000000 -298529 -298816 2441905 811021
47500.000000 -298436 -298762 2439688 823456
47750.000000 -298498 -298871 2444203 841816
48000.000000 -298515 -298874 2447430 856053
48250.000000 -298548 -298915 2449615 871530
48500.000000 -298501 -298852 2454957 893931
48750.000000 -298576 -298850 2464407 911958
49000.000000 -298535 -298842 2471071 926586
49250.000000 -298467 -298840 2477531 945830
49500.000000 -298575 -298839 2486142 968454
49750.000000 -298577 -298865 2502530 991020
50000.000000 -298533 -298838 2510738 1008134
50250.000000 -298541 -298773 2515277 1020921
50500.000000 -298521 -298809 2515587 1033711
50750.000000 -298526 -298807 2523787 1044113
51000.000000 -298520 -298797 2524879 1058889
51250.000000 -298448 -298762 2528690 1061949
51500.000000 -298516 -298798 2525629 1055185
51750.000000 -298559 -298748 2521621 1054040
52000.000000 -298571 -298746 2523386 1050054
52250.000000 -298499 -298733 2530913 1049757
52500.000000 -298515 -298803 2524009 1053559
52750.000000 -298504 -298783 2521478 1055326
53000.000000 -298538 -298788 2524642 1055328
53250.000000 -298541 -298856 2524114 1050418
53500.000000 -298548 -298791 2517826 1046810
53750.000000 -298569 -298824 2512170 1037270
54000.000000 -298567 -298820 2513461 1027331
54250.000000 -298538 -298783 2513361 1031023
54500.000000 -298539 -298738 2509625 1025168
54750.000000 -298501 -298795 2517156 1014200
55000.000000 -298488 -298845 2510998 1009374
55250.000000 -298523 -298841 2501331 1002418
55500.000000 -298536 -298741 2498688 997560
55750.000000 -298546 -298768 2501874 1002992
56000.000000 -298540 -298756 2501325 1008419
56250.000000 -298569 -298755 2497257 1015952
56500.000000 -298540 -298817 2502464 1019719
56750.000000 -298579 -298817 2509214 1015328
57000.000000 -298608 -298828 2502018 1009159
57250.000000 -298542 -298805 2502190 1000785
57500.000000 -298562 -298828 2499342 989174
57750.000000 -298555 -298812 2495303 981538
58000.000000 -298590 -298776 2491748 968000
58250.000000 -298641 -298809 2481579 945367
58500.000000 -298624 -298839 2476257 925039
58750.000000 -298588 -298804 2475343 903527
59000.000000 -298590 -298811 2472702 882740
59250.000000 -298517 -298835 2460909 863369
59500.000000 -298547 -298896 2451322 848114
59750.000000 -298574 -298864 2440444 841678
60000.000000 -298571 -298885 2431757 826996
60250.000000 -298559 -298903 2426197 807180
60500.000000 -298555 -298879 2427024 788821
60750.000000 -298523 -298899 2425342 784256
61000.000000 -298509 -298932 2417694 774441
61250.000000 -298469 -298864 2415398 762652
61500.000000 -298498 -298859 2409199 761558
61750.000000 -298520 -298895 2408680 764476
62000.000000 -298560 -298917 2412337 767712
62250.000000 -298526 -298901 2408464 763631
62500.000000 -298549 -298944 2408974 769608
62750.000000 -298482 -298896 2408662 768968
63000.000000 -298477 -298971 2414085 764026
63250.000000 -298470 -298917 2414960 770700
63500.000000 -298468 -298898 2412328 782592
63750.000000 -298433 -298949 2410398 780469
64000.000000 -298457 -298938 2417322 782195
64250.000000 -298486 -298894 2420457 789124
64500.000000 -298516 -298884 2433629 798347
64750.000000 -298547 -298784 2440846 803931
65000.000000 -298516 -298828 2438283 813636
65250.000000 -298447 -298827 2433644 819193
65500.000000 -298470 -298826 2435101 826719
65750.000000 -298501 -298868 2432709 829106
66000.000000 -298520 -298883 2431553 821958
66250.000000 -298505 -298865 2433355 809668
66500.000000 -298473 -298840 2431582 800674
66750.000000 -298512 -298932 2431609 797431
67000.000000 -298515 -298841 2429472 802048
67250.000000 -298507 -298853 2434910 805970
67500.000000 -298499 -298916 2442046 820958
67750.000000 -298496 -298883 2444142 841989
68000.000000 -298542 -298830 2446830 859832
68250.000000 -298509 -298882 2455576 877944
68500.000000 -298472 -298874 2459250 892974
68750.000000 -298463 -298865 2468498 914238
69000.000000 -298565 -298867 2471721 933799
69250.000000 -298582 -298878 2479471 949181
69500.000000 -298573 -298836 2488107 958610
69750.000000 -298583 -298801 2494721 971137
70000.000000 -298560 -298821 2498191 989059
70250.000000 -298503 -298831 2496734 1009928
70500.000000 -298470 -298857 2501422 1023635
70750.000000 -298502 -298798 2509305 1039652
71000.000000 -298474 -298170 2526744 1020453
71250.000000 -298489 -298173 2530294 1034957
71500.000000 -298531 -298187 2532617 1043953
71750.000000 -298556 -298182 2532865 1060128
72000.000000 -298565 -298111 2530711 1061252
72250.000000 -298549 -298070 2528517 1061466
72500.000000 -298589 -298098 2528187 1055635
72750.000000 -298518 -298175 2533245 1056111
73000.000000 -298451 -298140 2539172 1053558
73250.000000 -298403 -298111 2533940 1049959
73500.000000 -298454 -298154 2533632 1047203
73750.000000 -298465 -298124 2534187 1040090
74000.000000 -298502 -298130 2529854 1036996
74250.000000 -298541 -298130 2527102 1036943
74500.000000 -298473 -298212 2529973 1037687
74750.000000 -298495 -298188 2531505 1037977
75000.000000 -298490 -298134 2524397 1034611
75250.000000 -298493 -298129 2514385 1024937
75500.000000 -298500 -298081 2511980 1012034
75750.000000 -298438 -298042 2512574 1007327
76000.000000 -298486 -298052 2507119 1006737
76250.000000 -298536 -298117 2512220 999111
76500.000000 -298493 -298095 2519848 1005760
76750.000000 -298467 -298108 2519260 1021775
77000.000000 -298462 -298154 2510054 1024867
77250.000000 -298532 -298127 2511829 1029417
77500.000000 -298560 -298151 2519982 1027030
77750.000000 -298531 -298170 2512274 1014691
78000.000000 -298509 -298235 2506650 1001342
78250.000000 -298475 -298233 2502652 983313
78500.000000 -298508 -298156 2492663 963234
78750.000000 -298580 -298176 2486796 950756
79000.000000 -298498 -298150 2479417 928889
79250.000000 -298427 -298168 2472213 912775
79500.000000 -298462 -298214 2474391 897682
79750.000000 -298410 -298174 2468534 873475
80000.000000 -298449 -298132 2464705 850605
80250.000000 -298465 -298218 2459371 835997
80500.000000 -298519 -298243 2449036 820347
80750.000000 -298459 -298307 2436499 810544
81000.000000 -298474 -298238 2428184 803361
81250.000000 -298442 -298208 2430167 785889
81500.000000 -298449 -298249 2421734 769334
81750.000000 -298442 -298284 2421960 762667
82000.000000 -298470 -298202 2421323 761472
82250.000000 -298478 -298159 2423785 761065
82500.000000 -298441 -298205 2419791 752540
82750.000000 -298444 -298291 2428734 750342
83000.000000 -298429 -298244 2429557 754231
83250.000000 -298440 -298246 2428128 751719
83500.000000 -298430 -298239 2430694 752799
83750.000000 -298443 -298246 2429406 760441
84000.000000 -298430 -298250 2428907 759710
84250.000000 -298507 -298278 2430168 767116
84500.000000 -298488 -298222 2435833 773588
84750.000000 -298429 -298246 2437114 787417
85000.000000 -298473 -298241 2439714 795952
85250.000000 -298501 -298261 2435888 804089
85500.000000 -298511 -298284 2439055 813266
85750.000000 -298487 -298249 2450670 812769
86000.000000 -298489 -298221 2447858 810506
86250.000000 -298544 -298221 2441490 812307
86500.000000 -298482 -298250 2437880 811868
86750.000000 -298497 -298238 2443299 800194
87000.000000 -298512 -298201 2438959 789635
87250.000000 -298480 -298249 2434537 790576
87500.000000 -298452 -298281 2434194 796933
87750.000000 -298461 -298257 2438006 807044
88000.000000 -298482 -298263 2439114 819483
88250.000000 -298493 -298279 2443971 826590
88500.000000 -298490 -298319 2455328 841187
88750.000000 -298528 -298287 2461575 865376
89000.000000 -298478 -298270 2464548 884076
89250.000000 -298445 -298182 2469942 903420
89500.000000 -298427 -298183 2476259 922501
89750.000000 -298465 -298166 2490818 941583
90000.000000 -298507 -298196 2499307 957878
90250.000000 -298489 -298233 2505897 975887
90500.000000 -298495 -298263 2515956 990748
90750.000000 -298500 -298154 2515796 1009518
91000.000000 -298466 -298149 2515850 1020064
91250.000000 -298455 -298191 2518875 1035998
91500.000000 -298542 -298192 2524697 1050155
91750.000000 -298520 -298146 2523188 1058089
92000.000000 -298503 -298159 2523806 1064875
92250.000000 -298571 -298238 2525777 1064076
92500.000000 -298647 -298128 2530665 1064757
92750.000000 -298551 -298078 2526935 1057370
93000.000000 -298571 -298191 2525223 1050987
93250.000000 -298529 -298096 2526770 1056704
93500.000000 -298454 -298062 2535790 1055989
93750.000000 -298491 -298070 2535630 1048030
94000.000000 -298501 -298122 2527270 1044330
94250.000000 -298454 -298145 2520388 1043754
94500.000000 -298528 -298136 2518294 1037285
94750.000000 -298514 -298144 2515638 1031626
95000.000000 -298454 -298173 2508642 1024964
95250.000000 -298471 -298158 2504906 1023158
95500.000000 -298501 -298123 2511232 1015862
95750.000000 -298492 -298111 2512104 1003626
96000.000000 -298476 -298162 2511122 1002845
96250.000000 -298517 -298227 2514874 1004955
96500.000000 -298522 -298181 2509530 1004835
96750.000000 -298521 -298130 2504535 1012234
97000.000000 -298448 -298181 2516865 1018999
97250.000000 -298454 -298180 2514544 1020892
97500.000000 -298541 -298163 2519882 1019766
97750.000000 -298492 -298174 2524602 1010674
98000.000000 -298436 -298110 2514049 990764
98250.000000 -298440 -298149 2509642 971433
98500.000000 -298518 -298174 2510676 966814
98750.000000 -298513 -298193 2499666 948081
99000.000000 -298484 -298248 2495311 931078
99250.000000 -298467 -298233 2491236 916982
99500.000000 -298522 -298258 2476112 896927
99750.000000 -298523 -298237 2464824 874292
100000.000000 -298491 -298214 2466545 862083
100250.000000 -298536 -298199 2460150 851505
100500.000000 -298575 -298227 2450419 835088
100750.000000 -298490 -298228 2444260 818806
101000.000000 -298523 -298263 2434875 798545
101250.000000 -298542 -298238 2425057 784661
101500.000000 -298459 -298249 2419668 774964
101750.000000 -298500 -298283 2420819 767830
102000.000000 -298534 -298263 2420828 759186
102250.000000 -298474 -298342 2424301 759983
102500.000000 -298540 -298298 2423647 765401
102750.000000 -298475 -298220 2427970 770714
103000.000000 -298473 -298174 2426836 771740
103250.000000 -298476 -298284 2427454 768972
103500.000000 -298477 -298291 2430894 762270
103750.000000 -298484 -298327 2429619 760004
104000.000000 -298582 -298393 2424200 765463
104250.000000 -298556 -298304 2423478 774760
104500.000000 -298537 -298255 2424934 775874
104750.000000 -298456 -298246 2427460 779016
105000.000000 -298461 -298234 2431741 786501
105250.000000 -298561 -298258 2437765 788651
105500.000000 -298562 -298315 2452304 796315
105750.000000 -298511 -298326 2449878 807172
106000.000000 -298554 -298293 2443128 816720
106250.000000 -298566 -298277 2446426 818797
106500.000000 -298503 -298265 2450103 816568
106750.000000 -298531 -298209 2445342 812085
107000.000000 -298585 -298263 2439892 798579
107250.000000 -298503 -298293 2436567 796069
107500.000000 -298549 -298310 2434646 800702
107750.000000 -298535 -298228 2438718 812888
108000.000000 -298479 -298185 2440694 818250
108250.000000 -298442 -298210 2452894 822480
108500.000000 -298423 -298239 2454018 839488
108750.000000 -298420 -298228 2453645 855524
109000.000000 -298410 -298239 2465844 874509
109250.000000 -298504 -298209 2478938 890719
109500.000000 -298525 -298221 2479478 908556
109750.000000 -298516 -298207 2484897 938518
110000.000000 -298504 -298201 2496159 960566
110250.000000 -298534 -298188 2501752 968032
110500.000000 -298493 -298165 2504885 985486
110750.000000 -298513 -298148 2508276 1011681
111000.000000 -298578 -298170 2515722 1035897
111250.000000 -298461 -298213 2518619 1043109
111500.000000 -298494 -298156 2518965 1041077
111750.000000 -298502 -298169 2524717 1050701
112000.000000 -298479 -298140 2524817 1056404
112250.000000 -298499 -298194 2531203 1058774
112500.000000 -298492 -298185 2531271 1060969
112750.000000 -298525 -298126 2526720 1058081
113000.000000 -298501 -298109 2525253 1063463
113250.000000 -298534 -298110 2528934 1060932
113500.000000 -298510 -298157 2519523 1051515
113750.000000 -298478 -298198 2515577 1050803
114000.000000 -298477 -298167 2519824 1046814
114250.000000 -298444 -298181 2518162 1038802
114500.000000 -298493 -298241 2523172 1028975
114750.000000 -298520 -298215 2523353 1026733
115000.000000 -298464 -298120 2513733 1027744
115250.000000 -298485 -298109 2504305 1028191
115500.000000 -298526 -298182 2509815 1021943
115750.000000 -298582 -298185 2515891 1006542
116000.000000 -298528 -298196 2513048 997824
116250.000000 -298487 -298169 2510600 992776
116500.000000 -298511 -298171 2501281 1000727
116750.000000 -298516 -298209 2504683 1014409
117000.000000 -298541 -298204 2508157 1017840
117250.000000 -298541 -298112 2509140 1020458
117500.000000 -298456 -298158 2513545 1021121
117750.000000 -298473 -298246 2512016 1015844
118000.000000 -298527 -298258 2512574 1005222
118250.000000 -298531 -298168 2509366 986509
118500.000000 -298528 -298227 2497920 975998
118750.000000 -298527 -298268 2494047 962120
119000.000000 -298409 -298200 2485470 949238
119250.000000 -298478 -298209 2472513 933260
119500.000000 -298552 -298221 2463502 909413
119750.000000 -298561 -298238 2469023 894963
120000.000000 -298529 -298276 2473379 876612
120250.000000 -298470 -298300 2463325 853375
120500.000000 -298545 -298235 2458086 829932
120750.000000 -298522 -298272 2454406 815664
121000.000000 -298505 -298231 2447997 800690
121250.000000 -298493 -298317 2437787 787387
121500.000000 -298483 -298287 2435431 774026
121750.000000 -298518 -298252 2427818 768087
122000.000000 -298498 -298309 2420100 762311
122250.000000 -298521 -298298 2415868 757926
122500.000000 -298555 -298327 2420697 763356
122750.000000 -298557 -298340 2422967 767879
123000.000000 -298546 -298305 2428913 767512
123250.000000 -298474 -298329 2430625 766302
123500.000000 -298493 -298233 2429585 763027
123750.000000 -298500 -298213 2428484 761802
124000.000000 -298461 -298238 2428707 764623
124250.000000 -298494 -298278 2430319 771749
124500.000000 -298465 -298237 2434127 781392
124750.000000 -298515 -298204 2428867 785283
125000.000000 -298545 -298211 2428624 799657
125250.000000 -298513 -298234 2435714 806290
125500.000000 -298491 -298166 2440839 804714
125750.000000 -298502 -298222 2441111 807145
126000.000000 -298425 -298247 2436777 816460
126250.000000 -298432 -298217 2445200 820744
126500.000000 -298545 -298227 2455562 824110
126750.000000 -298467 -298256 2452211 817971
127000.000000 -298510 -298336 2442907 812937
127250.000000 -298510 -298290 2438499 800873
127500.000000 -298451 -298309 2438128 795014
127750.000000 -298450 -298356 2433926 798493
