t(us) chan[0] chan[1] chan[2] chan[3]
0.000000 -298195 -297644 3901462 2399467
250.000000 -298206 -297661 3902089 2404557
500.000000 -298149 -297598 3913149 2398359
750.000000 -298180 -297632 3909020 2395109
1000.000000 -298251 -297651 3902956 2395058
1250.000000 -298258 -297711 3902760 2397482
1500.000000 -298256 -297765 3900687 2399930
1750.000000 -298243 -297771 3902433 2396187
2000.000000 -298218 -297715 3905604 2394977
2250.000000 -298217 -297672 3901235 2391426
2500.000000 -298222 -297700 3895485 2376467
2750.000000 -298233 -297700 3895402 2366479
3000.000000 -298318 -297652 3894876 2360765
3250.000000 -298231 -297700 3892729 2357340
3500.000000 -298289 -297731 3888151 2353203
3750.000000 -298221 -297689 3889936 2345706
4000.000000 -298161 -297719 3887537 2342981
4250.000000 -298143 -297702 3884247 2343017
4500.000000 -298211 -297728 3886449 2347105
4750.000000 -298192 -297736 3895500 2345141
5000.000000 -298205 -297657 3890688 2347276
5250.000000 -298265 -297666 3883465 2352982
5500.000000 -298224 -297695 3887432 2351879
5750.000000 -298210 -297674 3892163 2343399
6000.000000 -298186 -297653 3889960 2333354
6250.000000 -298246 -297719 3883030 2320606
6500.000000 -298327 -297710 3874942 2308128
6750.000000 -298272 -297684 3866321 2293509
7000.000000 -298221 -297784 3861169 2266256
7250.000000 -298200 -297784 3857373 2251216
7500.000000 -298234 -297766 3851579 2235812
7750.000000 -298234 -297779 3838687 2212277
8000.000000 -298185 -297742 3828927 2193469
8250.000000 -298211 -297721 3819206 2178681
8500.000000 -298210 -297799 3815512 2168496
8750.000000 -298227 -297839 3816216 2148914
9000.000000 -298194 -297796 3819016 2127836
9250.000000 -298208 -297791 3812536 2111287
9500.000000 -298192 -297815 3813455 2110374
9750.000000 -298184 -297830 3811001 2108078
10000.000000 -298319 -297742 3800666 2102829
10250.000000 -298252 -297731 3799146 2093565
10500.000000 -298191 -297746 3802057 2098923
10750.000000 -298178 -297770 3799508 2109157
11000.000000 -298148 -297793 3802103 2106332
11250.000000 -298192 -297802 3806209 2101452
11500.000000 -298238 -297810 3804358 2100372
11750.000000 -298229 -297838 3798105 2107500
12000.000000 -298208 -297840 3797944 2111133
12250.000000 -298225 -297798 3797651 2108239
12500.000000 -298153 -297764 3796907 2115329
12750.000000 -298055 -297773 3804626 2132392
13000.000000 -298140 -297842 3803348 2139749
13250.000000 -298147 -297872 3803898 2137666
13500.000000 -298168 -297884 3812455 2139310
13750.000000 -298237 -297863 3812464 2149347
14000.000000 -298258 -297752 3816764 2161329
14250.000000 -298163 -297754 3826657 2165792
14500.000000 -298160 -297789 3820764 2160718
14750.000000 -298220 -297837 3810709 2152850
15000.000000 -298227 -297842 3809810 2142595
15250.000000 -298185 -297740 3807163 2135124
15500.000000 -298169 -297755 3805431 2135402
15750.000000 -298127 -297802 3807779 2142500
16000.000000 -298150 -297709 3817290 2165031
16250.000000 -298183 -297782 3828059 2185635
16500.000000 -298185 -297823 3832992 2193263
16750.000000 -298221 -297772 3839908 2208319
17000.000000 -298271 -297749 3846195 2233645
17250.000000 -298271 -297727 3850614 2255334
17500.000000 -298203 -297705 3854663 2271001
17750.000000 -298202 -297693 3865803 2286673
18000.000000 -298228 -297654 3877015 2301811
18250.000000 -298234 -297682 3882352 2321441
18500.000000 -298229 -297692 3885761 2342396
18750.000000 -298203 -297706 3889635 2353421
19000.000000 -298221 -297700 3905106 2362457
19250.000000 -298191 -297673 3906236 2371752
19500.000000 -298182 -297665 3902507 2387552
19750.000000 -298224 -297662 3898132 2401295
20000.000000 -298255 -297706 3910450 2409232
20250.000000 -298267 -297712 3912431 2410533
20500.000000 -298269 -297660 3906386 2410480
20750.000000 -298259 -297672 3910687 2410383
21000.000000 -298186 -297684 3907862 2405209
21250.000000 -298117 -297708 3896577 2404063
21500.000000 -298241 -297687 3898094 2407378
21750.000000 -298153 -297597 3899250 2400466
22000.000000 -298142 -297640 3899405 2396851
22250.000000 -298178 -297670 3899145 2393301
22500.000000 -298153 -297670 3895916 2390757
22750.000000 -298219 -297649 3895523 2379031
23000.000000 -298232 -297699 3890711 2371942
23250.000000 -298276 -297685 3888363 2361359
23500.000000 -298203 -297705 3885094 2350115
23750.000000 -298235 -297650 3884363 2345670
24000.000000 -298203 -297625 3882378 2336029
24250.000000 -298214 -297699 3881644 2329393
24500.000000 -298148 -297720 3886743 2338388
24750.000000 -298164 -297702 3892457 2352206
25000.000000 -298172 -297673 3895069 2357039
25250.000000 -298203 -297675 3886620 2356973
25500.000000 -298220 -297608 3888617 2356201
25750.000000 -298230 -297711 3892937 2347740
26000.000000 -298227 -297650 3880828 2338949
26250.000000 -298218 -297665 3870513 2327435
26500.000000 -298242 -297735 3870769 2312562
26750.000000 -298246 -297718 3870690 2293700
27000.000000 -298273 -297735 3870126 2273849
27250.000000 -298191 -297695 3861406 2261695
27500.000000 -298147 -297671 3858096 2240720
27750.000000 -298213 -297761 3849715 2211909
28000.000000 -298275 -297799 3841935 2194884
28250.000000 -298232 -297754 3837129 2181173
28500.000000 -298126 -297637 3825328 2160759
28750.000000 -298153 -297722 3816528 2145149
29000.000000 -298255 -297741 3816274 2133634
29250.000000 -298259 -297805 3816555 2116310
29500.000000 -298217 -297767 3814052 2107450
29750.000000 -298198 -297751 3807207 2097280
30000.000000 -298237 -297783 3804645 2097493
30250.000000 -298228 -297778 3808483 2095991
30500.000000 -298228 -297782 3806404 2094519
30750.000000 -298159 -297813 3805363 2095720
31000.000000 -298268 -297786 3806030 2104648
31250.000000 -298260 -297781 3807907 2111138
31500.000000 -298273 -297793 3802293 2107452
31750.000000 -298216 -297745 3816943 2104286
32000.000000 -298179 -297770 3827461 2105972
32250.000000 -298247 -297734 3816694 2110896
32500.000000 -298190 -297820 3815077 2116872
32750.000000 -298202 -297784 3817171 2123904
33000.000000 -298229 -297756 3814522 2133277
33250.000000 -298226 -297739 3815481 2144737
33500.000000 -298256 -297762 3818849 2143267
33750.000000 -298215 -297766 3815669 2148097
34000.000000 -298174 -297712 3819022 2156208
34250.000000 -298195 -297746 3819780 2162458
34500.000000 -298239 -297811 3821230 2158727
34750.000000 -298249 -297795 3813141 2149469
35000.000000 -298284 -297802 3810849 2142636
35250.000000 -298228 -297842 3805418 2141820
35500.000000 -298204 -297874 3807866 2139937
35750.000000 -298291 -297839 3807724 2145028
36000.000000 -298220 -297851 3816343 2154852
36250.000000 -298233 -297850 3827245 2168271
36500.000000 -298287 -297806 3832809 2175946
36750.000000 -298278 -297847 3832508 2201657
37000.000000 -298320 -297823 3839373 2223538
37250.000000 -298276 -297843 3845033 2243143
37500.000000 -298272 -297797 3854014 2257480
37750.000000 -298223 -297761 3857914 2275642
38000.000000 -298248 -297750 3869318 2295431
38250.000000 -298250 -297741 3879504 2308604
38500.000000 -298266 -297806 3888435 2322825
38750.000000 -298268 -297850 3888896 2349330
39000.000000 -298238 -297729 3889717 2364269
39250.000000 -298202 -297794 3889801 2375106
39500.000000 -298276 -297760 3892143 2385178
39750.000000 -298321 -297758 3896394 2389605
40000.000000 -298237 -297764 3895703 2396346
40250.000000 -298267 -297638 3902044 2404294
40500.000000 -298219 -297616 3905264 2407871
40750.000000 -298189 -297703 3912349 2401294
41000.000000 -298240 -297737 3903405 2395721
41250.000000 -298224 -297706 3903232 2394691
41500.000000 -298198 -297661 3902587 2393288
41750.000000 -298197 -297671 3898220 2387288
42000.000000 -298234 -297685 3897347 2391025
42250.000000 -298208 -297703 3892455 2386383
42500.000000 -298262 -297654 3898267 2381505
42750.000000 -298287 -297667 3901160 2372499
43000.000000 -298253 -297641 3890962 2366336
43250.000000 -298208 -297655 3895786 2358347
43500.000000 -298173 -297698 3892933 2354434
43750.000000 -298205 -297661 3888035 2352261
44000.000000 -298209 -297605 3885336 2345438
44250.000000 -298196 -297673 3885892 2342969
44500.000000 -298202 -297687 3885222 2345753
44750.000000 -298180 -297675 3881922 2353303
45000.000000 -298236 -297740 3890387 2358650
45250.000000 -298279 -297708 3890488 2359376
45500.000000 -298261 -297673 3890344 2354468
45750.000000 -298180 -297734 3893231 2346957
46000.000000 -298198 -297687 3885767 2341689
46250.000000 -298220 -297651 3880190 2326566
46500.000000 -298234 -297668 3873656 2311214
46750.000000 -298296 -297732 3869885 2298085
47000.000000 -298284 -297713 3863820 2280936
47250.000000 -298308 -297756 3849520 2271213
47500.000000 -298336 -297791 3848303 2250906
47750.000000 -298257 -297738 3846285 2230999
48000.000000 -298240 -297746 3837210 2208005
48250.000000 -298212 -297771 3827086 2189752
48500.000000 -298238 -297775 3827512 2173725
48750.000000 -298186 -297798 3829768 2157423
49000.000000 -298245 -297900 3818727 2138419
49250.000000 -298240 -297799 3809889 2125171
49500.000000 -298157 -297759 3803928 2119433
49750.000000 -298062 -297777 3798348 2115341
50000.000000 -298156 -297774 3791404 2107686
50250.000000 -298187 -297800 3794119 2097545
50500.000000 -298193 -297819 3802504 2087757
50750.000000 -298251 -297769 3806608 2093559
51000.000000 -298208 -297771 3807018 2097964
51250.000000 -298206 -297810 3804843 2095644
51500.000000 -298192 -297863 3806590 2103102
51750.000000 -298151 -297799 3806670 2107281
52000.000000 -298207 -297749 3807326 2103716
52250.000000 -298236 -297774 3806669 2100157
52500.000000 -298186 -297759 3803680 2105599
52750.000000 -298151 -297746 3800734 2117285
53000.000000 -298189 -297792 3808507 2122656
53250.000000 -298168 -297808 3819519 2132703
53500.000000 -298206 -297788 3807662 2147244
53750.000000 -298172 -297825 3810433 2148911
54000.000000 -298227 -297777 3820364 2150603
54250.000000 -298199 -297771 3820656 2158648
54500.000000 -298175 -297733 3815277 2162424
54750.000000 -298166 -297738 3812279 2152532
55000.000000 -298163 -297746 3811784 2145099
55250.000000 -298167 -297822 3813839 2139516
55500.000000 -298153 -297826 3810700 2139929
55750.000000 -298209 -297789 3813119 2139923
56000.000000 -298183 -297808 3812575 2148648
56250.000000 -298272 -297769 3814730 2158130
56500.000000 -298287 -297750 3819754 2174013
56750.000000 -298224 -297800 3833316 2200002
57000.000000 -298168 -297788 3843053 2216108
57250.000000 -298118 -297756 3845848 2230258
57500.000000 -298187 -297803 3853617 2248025
57750.000000 -298186 -297779 3860668 2265075
58000.000000 -298189 -297728 3861734 2281318
58250.000000 -298249 -297736 3866727 2310512
58500.000000 -298206 -297804 3873196 2328094
58750.000000 -298216 -297826 3884609 2340770
59000.000000 -298206 -297770 3890486 2353991
59250.000000 -298197 -297683 3901690 2367630
59500.000000 -298175 -297706 3899515 2373093
59750.000000 -298236 -297671 3898234 2385822
60000.000000 -298208 -297712 3901962 2394900
60250.000000 -298215 -297611 3904319 2405381
60500.000000 -298211 -297674 3902510 2401512
60750.000000 -298209 -297738 3899414 2393444
61000.000000 -298246 -297764 3898460 2396229
61250.000000 -298263 -297789 3898925 2397729
61500.000000 -298213 -297783 3901696 2396866
61750.000000 -298188 -297744 3903074 2387928
62000.000000 -298183 -297708 3904030 2381830
62250.000000 -298220 -297712 3899828 2374151
62500.000000 -298227 -297762 3889040 2375889
62750.000000 -298208 -297712 3881045 2372603
63000.000000 -298198 -297726 3888906 2364821
63250.000000 -298208 -297771 3888889 2357688
63500.000000 -298224 -297730 3890494 2358360
63750.000000 -298342 -297733 3885327 2355315
64000.000000 -298281 -297699 3880264 2338202
64250.000000 -298244 -297752 3884805 2337448
64500.000000 -298250 -297785 3886173 2336959
64750.000000 -298217 -297738 3886024 2342720
65000.000000 -298107 -297701 3890978 2352607
65250.000000 -298200 -297759 3896599 2360606
65500.000000 -298227 -297728 3897042 2362364
65750.000000 -298264 -297680 3890166 2359710
66000.000000 -298306 -297723 3879115 2345446
66250.000000 -298210 -297666 3877349 2333822
66500.000000 -298184 -297700 3870288 2313170
66750.000000 -298232 -297723 3866336 2291937
67000.000000 -298225 -297725 3862668 2278140
67250.000000 -298145 -297790 3861497 2260049
67500.000000 -298215 -297713 3856471 2238463
67750.000000 -298208 -297750 3847184 2217271
68000.000000 -298192 -297790 3848594 2197743
68250.000000 -298205 -297731 3833927 2181042
68500.000000 -298207 -297728 3826937 2173802
68750.000000 -298200 -297754 3820663 2163681
69000.000000 -298189 -297810 3815589 2139755
69250.000000 -298198 -297746 3813177 2120189
69500.000000 -298179 -297706 3808002 2116780
69750.000000 -298164 -297759 3801548 2101840
70000.000000 -298210 -297862 3796659 2085990
70250.000000 -298143 -297858 3801774 2087708
70500.000000 -298121 -297821 3800647 2088606
70750.000000 -298166 -297829 3790696 2092695
71000.000000 -298174 -297858 3792535 2095442
71250.000000 -298165 -297826 3788845 2100077
71500.000000 -298186 -297759 3792634 2099672
71750.000000 -298169 -297838 3791501 2104619
72000.000000 -298139 -297871 3796951 2112520
72250.000000 -298202 -297789 3805361 2116383
72500.000000 -298170 -297718 3809440 2120551
72750.000000 -298150 -297839 3801791 2129014
73000.000000 -298166 -297853 3810162 2131587
73250.000000 -298178 -297803 3816204 2134041
73500.000000 -298193 -297739 3817444 2134316
73750.000000 -298213 -297682 3817135 2138717
74000.000000 -298179 -297744 3810356 2151033
74250.000000 -298223 -297794 3810530 2162882
74500.000000 -298187 -297886 3817229 2161264
74750.000000 -298217 -297822 3818543 2148391
75000.000000 -298233 -297796 3817121 2141660
75250.000000 -298151 -297818 3810870 2133718
75500.000000 -298183 -297935 3802764 2130379
75750.000000 -298151 -297909 3801273 2132541
76000.000000 -298230 -297824 3801673 2142211
76250.000000 -298223 -297767 3808838 2160515
76500.000000 -298226 -297808 3824223 2184034
76750.000000 -298146 -297749 3822593 2204287
77000.000000 -298177 -297765 3827764 2216275
77250.000000 -298192 -297754 3837742 2225383
77500.000000 -298143 -297731 3841423 2243769
77750.000000 -298157 -297750 3845503 2268311
78000.000000 -298208 -297690 3858738 2291054
78250.000000 -298145 -297680 3869665 2306887
78500.000000 -298141 -297722 3876961 2322114
78750.000000 -298174 -297695 3879589 2335849
79000.000000 -298138 -297719 3881395 2351095
79250.000000 -298133 -297707 3884840 2366687
79500.000000 -298201 -297714 3891634 2380811
79750.000000 -298203 -297768 3898520 2390859
80000.000000 -298165 -297680 3902727 2389172
80250.000000 -298149 -297677 3906348 2395540
80500.000000 -298135 -297680 3904171 2400046
80750.000000 -298204 -297662 3907468 2392988
81000.000000 -298204 -297656 3909264 2388828
81250.000000 -298160 -297679 3907954 2396366
81500.000000 -298196 -297649 3906542 2398264
81750.000000 -298221 -297623 3905672 2399505
82000.000000 -298182 -297681 3901453 2397077
82250.000000 -298211 -297674 3895822 2385604
82500.000000 -298183 -297688 3896665 2372722
82750.000000 -298188 -297631 3894959 2375370
83000.000000 -298193 -297665 3894471 2372395
83250.000000 -298164 -297699 3894971 2363314
83500.000000 -298212 -297680 3892505 2348582
83750.000000 -298174 -297677 3889796 2340126
84000.000000 -298177 -297690 3886092 2339246
84250.000000 -298311 -297674 3883518 2338055
84500.000000 -298264 -297693 3882356 2336989
84750.000000 -298187 -297769 3880173 2340712
85000.000000 -298189 -297718 3884353 2347637
85250.000000 -298203 -297711 3889620 2356604
85500.000000 -298171 -297634 3887869 2356223
85750.000000 -298176 -297686 3884747 2348654
86000.000000 -298154 -297720 3884922 2344439
86250.000000 -298118 -297688 3884037 2336539
86500.000000 -298171 -297692 3884356 2316543
86750.000000 -298209 -297661 3884561 2298233
87000.000000 -298236 -297694 3875813 2277498
87250.000000 -298299 -297724 3854238 2263780
87500.000000 -298223 -297740 3846080 2245872
87750.000000 -298198 -297693 3838536 2230091
88000.000000 -298189 -297688 3839529 2207591
88250.000000 -298174 -297717 3838073 2181367
88500.000000 -298226 -297752 3825714 2172124
88750.000000 -298186 -297751 3811299 2163307
89000.000000 -298179 -297790 3808356 2143946
89250.000000 -298193 -297822 3807052 2128957
89500.000000 -298149 -297765 3801196 2119927
89750.000000 -298160 -297756 3794158 2110428
90000.000000 -298131 -297850 3790863 2093910
90250.000000 -298142 -297845 3791941 2091875
90500.000000 -298181 -297801 3788182 2090799
90750.000000 -298222 -297822 3793042 2090570
91000.000000 -298259 -297820 3800178 2100118
91250.000000 -298236 -297819 3803748 2099901
91500.000000 -298241 -297779 3801790 2095039
91750.000000 -298241 -297840 3800628 2083209
92000.000000 -298263 -297834 3801351 2091191
92250.000000 -298232 -297857 3805084 2106986
92500.000000 -298193 -297844 3805896 2121311
92750.000000 -298226 -297837 3805912 2128813
93000.000000 -298211 -297777 3813198 2135612
93250.000000 -298155 -297714 3819780 2136604
93500.000000 -298168 -297788 3824105 2142816
93750.000000 -298115 -297818 3824852 2151437
94000.000000 -298132 -297827 3823279 2163495
94250.000000 -298147 -297794 3816147 2161104
94500.000000 -298188 -297849 3807597 2160825
94750.000000 -298223 -297819 3809838 2154017
95000.000000 -298248 -297758 3813973 2148488
95250.000000 -298231 -297743 3810868 2144239
95500.000000 -298172 -297758 3812542 2142087
95750.000000 -298192 -297743 3816553 2143490
96000.000000 -298209 -297759 3811679 2149771
96250.000000 -298178 -297782 3815008 2165708
96500.000000 -298189 -297751 3824441 2182213
96750.000000 -298241 -297729 3827498 2191908
97000.000000 -298222 -297777 3829756 2211284
97250.000000 -298177 -297772 3837635 2234104
97500.000000 -298099 -297786 3852327 2252778
97750.000000 -298152 -297764 3854144 2268904
98000.000000 -298176 -297714 3859997 2277278
98250.000000 -298174 -297701 3861368 2292839
98500.000000 -298195 -297735 3865827 2312051
98750.000000 -298211 -297710 3877225 2326413
99000.000000 -298153 -297652 3888327 2337379
99250.000000 -298135 -297690 3888687 2354616
99500.000000 -298150 -297713 3885503 2366328
99750.000000 -298180 -297762 3888224 2376479
100000.000000 -298208 -297776 3893211 2392394
100250.000000 -298235 -297734 3899874 2401311
100500.000000 -298208 -297693 3903650 2402491
100750.000000 -298232 -297665 3907688 2401496
101000.000000 -298241 -297655 3909751 2393547
101250.000000 -298219 -297689 3906694 2388573
101500.000000 -298152 -297685 3898666 2388907
101750.000000 -298095 -297607 3899865 2390175
102000.000000 -298207 -297662 3904611 2390296
102250.000000 -298234 -297613 3901132 2386683
102500.000000 -298157 -297655 3892431 2382887
102750.000000 -298263 -297669 3891322 2381921
103000.000000 -298210 -297677 3889568 2376440
103250.000000 -298195 -297700 3891140 2365594
103500.000000 -298169 -297702 3895753 2359875
103750.000000 -298254 -297711 3890274 2352488
104000.000000 -298261 -297751 3876580 2342441
104250.000000 -298225 -297741 3870400 2343272
104500.000000 -298179 -297708 3874293 2349234
104750.000000 -298158 -297720 3883754 2346764
105000.000000 -298184 -297718 3887798 2348846
105250.000000 -298174 -297630 3893374 2357830
105500.000000 -298145 -297713 3892453 2361701
105750.000000 -298235 -297681 3884322 2360876
106000.000000 -298248 -297710 3882142 2353636
106250.000000 -298206 -297729 3878598 2342988
106500.000000 -298157 -297691 3872658 2333766
106750.000000 -298183 -297640 3866539 2321981
107000.000000 -298164 -297668 3854432 2295008
107250.000000 -298145 -297684 3851375 2271697
107500.000000 -298163 -297673 3839729 2256003
107750.000000 -298169 -297675 3831284 2237298
108000.000000 -298165 -297698 3833210 2216907
108250.000000 -298174 -297710 3827504 2193694
108500.000000 -298148 -297752 3816968 2180988
108750.000000 -298224 -297795 3811567 2170367
109000.000000 -298256 -297780 3808919 2157776
109250.000000 -298236 -297810 3807714 2137033
109500.000000 -298209 -297860 3806117 2119356
109750.000000 -298219 -297837 3802116 2113926
110000.000000 -298237 -297787 3795191 2105477
110250.000000 -298250 -297772 3793310 2099689
110500.000000 -298244 -297730 3788247 2099377
110750.000000 -298198 -297803 3791049 2097757
111000.000000 -298200 -297811 3793534 2101772
111250.000000 -298233 -297841 3795144 2101629
111500.000000 -298296 -297869 3795859 2100167
111750.000000 -298248 -297909 3799316 2103032
112000.000000 -298265 -297832 3791364 2109027
112250.000000 -298227 -297842 3792495 2103468
112500.000000 -298221 -297864 3795537 2110219
112750.000000 -298260 -297799 3794482 2119346
113000.000000 -298203 -297837 3800556 2126573
113250.000000 -298150 -297821 3804341 2133035
113500.000000 -298168 -297778 3814044 2143797
113750.000000 -298179 -297815 3817641 2151494
114000.000000 -298181 -297784 3811909 2149564
114250.000000 -298153 -297799 3815214 2156309
114500.000000 -298212 -297784 3816545 2164237
114750.000000 -298223 -297770 3809590 2161372
115000.000000 -298170 -297774 3804921 2154777
115250.000000 -298243 -297803 3803873 2140450
115500.000000 -298210 -297822 3807143 2143987
115750.000000 -298155 -297792 3803012 2152230
116000.000000 -298195 -297864 3804423 2155422
116250.000000 -298262 -297798 3811131 2160374
116500.000000 -298245 -297817 3814604 2167148
116750.000000 -298232 -297794 3826873 2182945
117000.000000 -298270 -297801 3836920 2196642
117250.000000 -298258 -297798 3843948 2220431
117500.000000 -298287 -297739 3851830 2245438
117750.000000 -298207 -297812 3853092 2261934
118000.000000 -298233 -297786 3853325 2280046
118250.000000 -298211 -297786 3856499 2294278
118500.000000 -298199 -297757 3861127 2310859
118750.000000 -298260 -297808 3876189 2325740
119000.000000 -298233 -297757 3893523 2334230
119250.000000 -298143 -297683 3898223 2354031
119500.000000 -298177 -297692 3896734 2374791
119750.000000 -298202 -297698 3898002 2382244
120000.000000 -298158 -297651 3909397 2386894
120250.000000 -298227 -297627 3919203 2393552
120500.000000 -298216 -297677 3916408 2397562
120750.000000 -298232 -297714 3912972 2401839
121000.000000 -298222 -297747 3905019 2403575
121250.000000 -298193 -297703 3904554 2410067
121500.000000 -298214 -297731 3912290 2405573
121750.000000 -298211 -297750 3904214 2396840
122000.000000 -298146 -297637 3902578 2391958
122250.000000 -298174 -297605 3894264 2392973
122500.000000 -298240 -297612 3887925 2390408
122750.000000 -298208 -297622 3897969 2383388
123000.000000 -298155 -297649 3897885 2384750
123250.000000 -298168 -297598 3889176 2372888
123500.000000 -298261 -297657 3887266 2364246
123750.000000 -298294 -297684 3889696 2354153
124000.000000 -298187 -297621 3885864 2343275
124250.000000 -298168 -297632 3882430 2343360
124500.000000 -298150 -297667 3878743 2339613
124750.000000 -298180 -297683 3877555 2343567
125000.000000 -298265 -297704 3881021 2346843
125250.000000 -298248 -297719 3886795 2348353
125500.000000 -298286 -297668 3892478 2360879
125750.000000 -298240 -297603 3892452 2370108
126000.000000 -298260 -297589 3889901 2359789
126250.000000 -298270 -297669 3887401 2350218
126500.000000 -298202 -297714 3881313 2334385
126750.000000 -298181 -297682 3878871 2319130
127000.000000 -298158 -297674 3879447 2299772
127250.000000 -298168 -297665 3870641 2277115
127500.000000 -298202 -297707 3857197 2260069
127750.000000 -298196 -297757 3847467 2240570
